[20121121_163519.jpg]
filters=finetune2=1,0.520468,0.000000,0.126316,00000000,0.000000;
moddate=806e215c2acccd01
width=3264
height=2448
textactive=0
